Edges = { // Array of bin grid edges
   -2.370000,   -2.010000,   -1.370000,   -0.800000,   -0.400000,
    0.000000,    0.400000,    0.800000,    1.370000,    2.010000,
    2.370000
}

Edges = { // Array of bin grid edges
   15.000000,   20.000000,   25.000000,   30.000000,   35.000000,
   40.000000,   45.000000,  100.000000
}

// Cells that are merged: 
// Human readable grid print-out. 
// It is optional for reading of the grid from text file.
// Used to set up cell values 

Grid = {
// Cell.idx MergedTo       Value  Coord: low(x,y..) high(x,y..)
         0         0       0.00464      -2.37000      15.00000      -2.01000      20.00000
         1         1       0.00446      -2.01000      15.00000      -1.37000      20.00000
         2         2       0.00412      -1.37000      15.00000      -0.80000      20.00000
         3         3       0.00517      -0.80000      15.00000      -0.40000      20.00000
         4         4       0.00621      -0.40000      15.00000       0.00000      20.00000
         5         5       0.00626       0.00000      15.00000       0.40000      20.00000
         6         6       0.00531       0.40000      15.00000       0.80000      20.00000
         7         7       0.00407       0.80000      15.00000       1.37000      20.00000
         8         8       0.00463       1.37000      15.00000       2.01000      20.00000
         9         9       0.00479       2.01000      15.00000       2.37000      20.00000
        10        10       0.00376      -2.37000      20.00000      -2.01000      25.00000
        11        11       0.00347      -2.01000      20.00000      -1.37000      25.00000
        12        12       0.00314      -1.37000      20.00000      -0.80000      25.00000
        13        13       0.00362      -0.80000      20.00000      -0.40000      25.00000
        14        14       0.00365      -0.40000      20.00000       0.00000      25.00000
        15        15       0.00360       0.00000      20.00000       0.40000      25.00000
        16        16       0.00359       0.40000      20.00000       0.80000      25.00000
        17        17       0.00309       0.80000      20.00000       1.37000      25.00000
        18        18       0.00349       1.37000      20.00000       2.01000      25.00000
        19        19       0.00373       2.01000      20.00000       2.37000      25.00000
        20        20       0.00319      -2.37000      25.00000      -2.01000      30.00000
        21        21       0.00281      -2.01000      25.00000      -1.37000      30.00000
        22        22       0.00239      -1.37000      25.00000      -0.80000      30.00000
        23        23       0.00272      -0.80000      25.00000      -0.40000      30.00000
        24        24       0.00247      -0.40000      25.00000       0.00000      30.00000
        25        25       0.00249       0.00000      25.00000       0.40000      30.00000
        26        26       0.00271       0.40000      25.00000       0.80000      30.00000
        27        27       0.00239       0.80000      25.00000       1.37000      30.00000
        28        28       0.00281       1.37000      25.00000       2.01000      30.00000
        29        29       0.00321       2.01000      25.00000       2.37000      30.00000
        30        30       0.00285      -2.37000      30.00000      -2.01000      35.00000
        31        31       0.00244      -2.01000      30.00000      -1.37000      35.00000
        32        32       0.00189      -1.37000      30.00000      -0.80000      35.00000
        33        33       0.00204      -0.80000      30.00000      -0.40000      35.00000
        34        34       0.00199      -0.40000      30.00000       0.00000      35.00000
        35        35       0.00199       0.00000      30.00000       0.40000      35.00000
        36        36       0.00204       0.40000      30.00000       0.80000      35.00000
        37        37       0.00190       0.80000      30.00000       1.37000      35.00000
        38        38       0.00244       1.37000      30.00000       2.01000      35.00000
        39        39       0.00287       2.01000      30.00000       2.37000      35.00000
        40        40       0.00266      -2.37000      35.00000      -2.01000      40.00000
        41        41       0.00211      -2.01000      35.00000      -1.37000      40.00000
        42        42       0.00153      -1.37000      35.00000      -0.80000      40.00000
        43        43       0.00168      -0.80000      35.00000      -0.40000      40.00000
        44        44       0.00165      -0.40000      35.00000       0.00000      40.00000
        45        45       0.00166       0.00000      35.00000       0.40000      40.00000
        46        46       0.00168       0.40000      35.00000       0.80000      40.00000
        47        47       0.00152       0.80000      35.00000       1.37000      40.00000
        48        48       0.00211       1.37000      35.00000       2.01000      40.00000
        49        49       0.00265       2.01000      35.00000       2.37000      40.00000
        50        50       0.00257      -2.37000      40.00000      -2.01000      45.00000
        51        51       0.00190      -2.01000      40.00000      -1.37000      45.00000
        52        52       0.00135      -1.37000      40.00000      -0.80000      45.00000
        53        53       0.00149      -0.80000      40.00000      -0.40000      45.00000
        54        54       0.00145      -0.40000      40.00000       0.00000      45.00000
        55        55       0.00145       0.00000      40.00000       0.40000      45.00000
        56        56       0.00149       0.40000      40.00000       0.80000      45.00000
        57        57       0.00136       0.80000      40.00000       1.37000      45.00000
        58        58       0.00190       1.37000      40.00000       2.01000      45.00000
        59        59       0.00256       2.01000      40.00000       2.37000      45.00000
        60        60       0.00233      -2.37000      45.00000      -2.01000     100.00000
        61        61       0.00167      -2.01000      45.00000      -1.37000     100.00000
        62        62       0.00121      -1.37000      45.00000      -0.80000     100.00000
        63        63       0.00132      -0.80000      45.00000      -0.40000     100.00000
        64        64       0.00128      -0.40000      45.00000       0.00000     100.00000
        65        65       0.00126       0.00000      45.00000       0.40000     100.00000
        66        66       0.00131       0.40000      45.00000       0.80000     100.00000
        67        67       0.00123       0.80000      45.00000       1.37000     100.00000
        68        68       0.00167       1.37000      45.00000       2.01000     100.00000
        69        69       0.00233       2.01000      45.00000       2.37000     100.00000
}

